position: 1
mean: 0.016
std: 0.999871991807
position: 10
mean: 0.02426
std: 0.314972145435
position: 100
mean: 0.01985
std: 0.100148776827
position: 1000
mean: 0.0205268
std: 0.0315479584404
