position:1
Mean:0.032903290329and Std:0.999458540153
position:10
Mean:0.0203420342034and Std:0.316076309532
position:100
Mean:0.0188198819882and Std:0.0991886651784
position:1000
Mean:0.0197777777778and Std:0.0312970824992
