
Position:1
Mean:0.0042; Std:0.999991179961

Position:10
Mean:0.02266; Std:0.314506795475

Position:100
Mean:0.019898; Std:0.0994128241023

Position:1000
Mean:0.0201074; Std:0.0318180965056
