Position: 1
Mean: 0.0172
Standard Deviation: 0.999852069058
Position: 10
Mean: 0.0238
Standard Deviation: 0.31379222425
Position: 100
Mean: 0.021312
Standard Deviation: 0.0992187414554
Position: 1000
Mean: 0.0202708
Standard Deviation: 0.0316536801551
