Position: 1
Mean: 0.0264
Standard Deviation: 0.99965145926
Position: 10
Mean: 0.01414
Standard Deviation: 0.315410938935
Position: 100
Mean: 0.021536
Standard Deviation: 0.0998905436165
Position: 1000
Mean: 0.0202018
Standard Deviation: 0.0319032612245
